# pyseer failure diagnostic

## Log files

### upstream/pyseer/discovery_dim10.log
Read 496 phenotypes
Detected binary phenotype
Structure matrix has dimension (496, 496)
None of the phenotyped samples were found in population structure matrix

## Phenotype heads

### upstream/gwas_inputs/all_phenotypes.tsv
samples	phenotype
GCA_000406525.1	1
GCA_000406565.1	1
GCA_000417425.1	1
GCA_000417465.1	1
GCA_000709205.2	1
GCA_000709225.1	1
GCA_001182385.1	1

### upstream/gwas_inputs/discovery_phenotypes.tsv
samples	phenotype
GCA_000406525.1	1
GCA_000406565.1	1
GCA_000417425.1	1
GCA_000417465.1	1
GCA_000709205.2	1
GCA_000709225.1	1
GCA_001182385.1	1

### upstream/gwas_inputs/validation_phenotypes.tsv
samples	phenotype
GCA_001701555.1	1
GCA_001701895.1	1
GCA_001701915.1	1
GCA_001701925.1	1
GCA_001702035.1	1
GCA_001702045.2	1
GCA_002268655.1	1

### upstream/targeted_variants/phenotypes.tsv
samples	phenotype
GCA_000401195.1	0
GCA_000406385.1	0
GCA_000406445.1	0
GCA_000406485.1	0
GCA_000406505.1	0
GCA_000406525.1	1
GCA_000406565.1	1

## Rtab heads

### upstream/gwas_inputs/all_variants.Rtab
Gene	GCA_000406525.1	GCA_000406565.1	GCA_000417425.1	GCA_000417465.1	GCA_000709205.2	GCA_000709225.1	GCA_001182385.1	GCA_001182525.1	GCA_001182545.1	GCA_001182565.1	GCA_001182585.1	GCA_001182605.1	GCA_001182625.1	GCA_001182645.1	GCA_001182665.1	GCA_001182685.1	GCA_001701355.1	GCA_001701365.1	GCA_001701445.1	GCA_001701475.1	GCA_001701495.1	GCA_001701505.1	GCA_001701525.1	GCA_001701555.1	GCA_001701815.1	GCA_001701835.2	GCA_001701895.1	GCA_001701915.1	GCA_001701925.1	GCA_001701975.1	GCA_001701985.1	GCA_001702005.1	GCA_001702035.1	GCA_001702045.2	GCA_001720705.1	GCA_001720845.1	GCA_001720905.1	GCA_002197505.1	GCA_002246035.1	GCA_002246045.1	GCA_002246075.1	GCA_002246555.1	GCA_002246875.1	GCA_002268655.1	GCA_002383765.1	GCA_002406585.1	GCA_003203435.1	GCA_003571705.1	GCA_013603615.1	GCA_014840245.1	GCA_014840295.1	GCA_014840315.1	GCA_014840325.1	GCA_014840345.1	GCA_014840395.1	GCA_014840405.1	GCA_014840415.1	GCA_014840435.1	GCA_014840475.1	GCA_014840495.1	GCA_014840505.1	GCA_014840555.1	GCA
acrB:A112Q	0	0	0	0	0	0	0	0	0	0	0	0	0	0	0	0	0	0	0	0	0	0	0	0	0	0	0	0	0	0	0	0	0	0	0	0	0	0	0	0	0	0	0	0	0	0	0	0	0	0	0	0	0	0	0	0	0	0	0	0	0	0	0	0	0	0	0	0	0	0	0	0	0	0	0	0	0	0	0	0	0	0	0	0	0	0	0	0	0	0	0	0	0	0	0	0	0	0	0	0	0	0	0	0	0	0	0	0	0	0	0	0	0	0	0	0	0	0	0	0	0	0	0	0	0	0	0	0	0	0	0	0	0	0	0	0	0	0	0	0	0	0	0	0	0	0	0	0	0	0	0	0	0	0	0	0	0	0	0	0	0	0	0	0	0	0	0	0	0	0	0	0	0	0	0	0	0	0	0	0	0	0	0	0	0	0	0	0	0	0	0	0	0	0	0	0	0	0	0	0	0	0	0	0	0	0	0	0	0	0	0	0	0	0	0	0	0	0	0	0	0	0	0	0	0	0	0	0	0	0	0	0	0	0	0	0	0	0	0	0	0	0	0	0	0	0	0	0	0	0	0	0	0	0	0	0	0	0	0	0	0	0	0	0	0	0	0	0	0	0	0	0	0	0	0	0	0	0	0	0	0	0	0	0	0	0	0	0	0	0	0	0	0	0	0	0	0	0	0	0	0	0	0	0	0	0	0	0	0	0	0	0	0	0	0	0	0	0	0	0	0	0	0	0	0	0	0	0	0	0	0	0	0	0	0	0	0	0	0	0	0	0	0	0	0	0	0	0	0	0	0	0	0	0	0	0	0	0	0	0	0	0	0	0	0	0	0	0	0	0	0	0	0	0	0	0	0	0	0	0	0	0	0	0	0	0	0	0	0	0	1	0	0	0	0	0	0	0	0	0	0	0	0	0	0	0	0	0	0	0	0	0	0	0	0	0	0	0	0	0	0	0	0	0	0	0	0	0	0	0	1	0	1	1	0	0	0	0	0	0	0	0	0	0	0	0	0	0	0	0	0	0	0	0	0	0	0	0	0	0	0	0	0	0	0	0	0	0	0	0	0	0	0	0	0	0	0	0	0	0	0	0	0	0	0	0	0	0	0	0	0	0	0	0	0
acrB:A132S	0	0	0	0	0	0	0	0	0	0	0	0	0	0	0	0	0	0	0	0	0	0	0	0	0	0	0	0	0	0	0	0	0	0	0	0	0	0	0	0	0	0	0	0	0	0	0	0	0	0	0	0	0	0	0	0	0	0	0	0	0	0	0	0	0	0	0	0	0	0	0	0	0	0	0	0	0	0	0	0	0	0	0	0	0	0	0	0	0	0	0	0	0	0	0	0	0	0	0	0	0	0	0	0	0	0	0	0	0	0	0	0	0	0	0	0	0	0	0	0	0	0	0	0	0	0	0	0	0	0	0	0	0	0	0	0	0	0	0	0	0	0	0	0	0	0	0	0	0	0	0	0	0	0	0	0	0	0	0	0	0	0	0	0	0	0	0	0	0	0	0	0	0	0	0	0	0	0	0	0	0	0	0	0	0	0	0	0	0	0	0	0	0	0	0	0	0	0	0	0	0	0	0	0	0	0	0	0	0	0	0	0	0	0	0	0	0	0	0	0	0	0	0	0	0	0	0	0	0	0	0	0	0	0	0	0	0	0	0	0	0	0	0	0	0	0	0	0	0	0	0	0	0	0	0	0	0	0	0	0	0	0	0	0	0	0	0	0	0	0	0	0	0	0	0	0	0	0	0	0	0	0	0	0	0	0	0	0	0	0	0	0	0	0	0	0	0	0	0	0	0	0	0	0	0	0	0	0	0	0	0	0	0	0	0	0	0	0	0	0	0	0	0	0	0	0	0	0	0	0	0	0	0	0	0	0	0	0	0	0	0	0	0	0	0	0	0	0	0	0	0	0	0	0	0	0	0	0	0	0	0	0	0	0	0	0	0	0	0	0	0	0	0	0	0	0	0	0	0	0	0	0	0	0	0	0	0	0	0	0	1	0	0	0	0	0	0	0	0	0	0	0	0	0	0	0	0	0	0	0	0	0	0	0	0	0	0	0	0	0	0	0	0	0	0	0	0	0	0	0	1	0	1	1	0	0	0	0	0	0	0	0	0	0	0	0	0	0	0	0	0	0	0	0	0	0	0	0	0	0	0	0	0	0	0	0	0	0	0	0	0	0	0	0	0	0	0	0	0	0	0	0	0	0	0	0	0	0	0	0	0	0	0	0	0
acrB:A160S	0	0	0	0	0	0	0	0	0	0	0	0	0	0	0	0	0	0	0	0	0	0	0	0	0	0	0	0	0	0	0	0	0	0	0	0	0	0	0	0	0	0	0	0	0	0	0	0	0	0	0	0	0	0	0	0	0	0	0	0	0	0	0	0	0	0	0	0	0	0	0	0	0	0	0	0	0	0	0	0	0	0	0	0	0	0	0	0	0	0	0	0	0	0	0	0	0	0	0	0	0	0	0	0	0	0	0	0	0	0	0	0	0	0	0	0	0	0	0	0	0	0	0	0	0	0	0	0	0	0	0	0	0	0	0	0	0	0	0	0	0	0	0	0	0	0	0	0	0	0	0	0	0	0	0	0	0	0	0	0	0	0	0	0	0	0	0	0	0	0	0	0	0	0	0	0	0	0	0	0	0	0	0	0	0	0	0	0	0	0	0	0	0	0	0	0	0	0	0	0	0	0	0	0	0	0	0	0	0	0	0	0	0	0	0	0	0	0	0	0	0	0	0	0	0	0	0	0	0	0	0	0	0	0	0	0	0	0	0	0	0	0	0	0	0	0	0	0	0	0	0	0	0	0	0	0	0	0	0	0	0	0	0	0	0	0	0	0	0	0	0	0	0	0	0	0	0	0	0	0	0	0	0	0	0	0	0	0	0	0	0	0	0	0	0	0	0	0	0	0	0	0	0	0	0	0	0	0	0	0	0	0	0	0	0	0	0	0	0	0	0	0	0	0	0	0	0	0	0	0	0	0	0	0	0	0	0	0	0	0	0	0	0	0	0	0	0	0	0	0	0	0	0	0	0	0	0	0	0	0	0	0	0	0	0	0	0	0	0	0	0	0	0	0	0	0	0	0	0	0	0	0	0	0	0	0	0	0	0	0	1	0	0	0	0	0	0	0	0	0	0	0	0	0	0	0	0	0	0	0	0	0	0	0	0	0	0	0	0	0	0	0	0	0	0	0	0	0	0	0	1	0	1	1	0	0	0	0	0	0	0	0	0	0	0	0	0	0	0	0	0	0	0	0	0	0	0	0	0	0	0	0	0	0	0	0	0	0	0	0	0	0	0	0	0	0	0	0	0	0	0	0	0	0	0	0	0	0	0	0	0	0	0	0	0

### upstream/gwas_inputs/discovery_variants.Rtab
Gene	GCA_000406525.1	GCA_000406565.1	GCA_000417425.1	GCA_000417465.1	GCA_000709205.2	GCA_000709225.1	GCA_001182385.1	GCA_001182525.1	GCA_001182545.1	GCA_001182565.1	GCA_001182585.1	GCA_001182605.1	GCA_001182625.1	GCA_001182645.1	GCA_001182665.1	GCA_001182685.1	GCA_001701355.1	GCA_001701365.1	GCA_001701445.1	GCA_001701475.1	GCA_001701495.1	GCA_001701505.1	GCA_001701525.1	GCA_001701815.1	GCA_001701835.2	GCA_001701975.1	GCA_001701985.1	GCA_001702005.1	GCA_001720705.1	GCA_001720845.1	GCA_001720905.1	GCA_002197505.1	GCA_002246035.1	GCA_002246045.1	GCA_002246075.1	GCA_002246555.1	GCA_002246875.1	GCA_002383765.1	GCA_002406585.1	GCA_003203435.1	GCA_003571705.1	GCA_013603615.1	GCA_014840245.1	GCA_014840295.1	GCA_014840315.1	GCA_014840325.1	GCA_014840345.1	GCA_014840395.1	GCA_014840475.1	GCA_014840555.1	GCA_017571245.1	GCA_017571265.1	GCA_017571275.1	GCA_022025235.1	GCA_022025255.1	GCA_022025295.1	GCA_022025315.1	GCA_022025335.1	GCA_022025375.1	GCA_022025415.1	GCA_022025435.1	GCA_022025455.1	GCA
acrB:A112Q	0	0	0	0	0	0	0	0	0	0	0	0	0	0	0	0	0	0	0	0	0	0	0	0	0	0	0	0	0	0	0	0	0	0	0	0	0	0	0	0	0	0	0	0	0	0	0	0	0	0	0	0	0	0	0	0	0	0	0	0	0	0	0	0	0	0	0	0	0	0	0	0	0	0	0	0	0	0	0	0	0	0	0	0	0	0	0	0	0	0	0	0	0	0	0	0	0	0	0	0	0	0	0	0	0	0	0	0	0	0	0	0	0	0	0	0	0	0	0	0	0	0	0	0	0	0	0	0	0	0	0	0	0	0	0	0	0	0	0	0	0	0	0	0	0	0	0	0	0	0	0	0	0	0	0	0	0	0	0	0	0	0	0	0	0	0	0	0	0	0	0	0	0	0	0	0	0	0	0	0	0	0	0	0	0	0	0	0	0	0	0	0	0	0	0	0	0	0	0	0	0	0	0	0	0	0	0	0	0	0	0	0	0	0	0	0	0	0	0	0	0	0	0	0	0	0	0	0	0	0	0	0	0	0	0	0	0	0	0	0	0	0	0	0	0	0	0	0	0	0	0	0	0	0	0	0	0	0	0	0	0	0	0	0	0	0	0	0	0	0	0	0	0	0	1	0	0	0	0	0	0	0	0	0	0	0	0	0	0	0	0	0	0	0	0	0	0	0	0	0	0	0	0	0	0	0	0	0	0	1	0	1	1	0	0	0	0	0	0	0	0	0	0	0	0	0	0	0	0	0	0	0	0	0	0	0	0	0	0	0	0	0	0	0	0	0	0	0	0	0	0	0	0	0	0	0	0	0	0	0	0	0	0	0	0	0	0	0	0	0	0	0	0	0	0	0	0	0	0	0	0	0	0	0	0	0	0	0	0	0	0	0	0	0	0	0	0	0	0	0	0	0	0	0	0	0	0	0	0	0	0	0	0	0	0	0	0	0	0	0	0	0	0	0	0	0	0	0	0	0	0	0	0	0	0	0	0	0	0	0	0	0	0	0	0	0	0	0	0	0	0	0	0	0	0	0	0	0	0	0	0	0	0	0	0	0	0	0	0	0	0	0	0	0	0	0	0	0	0	0	0	0	0	0	0	0	0	0	0	0	0	0	0	0	0
acrB:A132S	0	0	0	0	0	0	0	0	0	0	0	0	0	0	0	0	0	0	0	0	0	0	0	0	0	0	0	0	0	0	0	0	0	0	0	0	0	0	0	0	0	0	0	0	0	0	0	0	0	0	0	0	0	0	0	0	0	0	0	0	0	0	0	0	0	0	0	0	0	0	0	0	0	0	0	0	0	0	0	0	0	0	0	0	0	0	0	0	0	0	0	0	0	0	0	0	0	0	0	0	0	0	0	0	0	0	0	0	0	0	0	0	0	0	0	0	0	0	0	0	0	0	0	0	0	0	0	0	0	0	0	0	0	0	0	0	0	0	0	0	0	0	0	0	0	0	0	0	0	0	0	0	0	0	0	0	0	0	0	0	0	0	0	0	0	0	0	0	0	0	0	0	0	0	0	0	0	0	0	0	0	0	0	0	0	0	0	0	0	0	0	0	0	0	0	0	0	0	0	0	0	0	0	0	0	0	0	0	0	0	0	0	0	0	0	0	0	0	0	0	0	0	0	0	0	0	0	0	0	0	0	0	0	0	0	0	0	0	0	0	0	0	0	0	0	0	0	0	0	0	0	0	0	0	0	0	0	0	0	0	0	0	0	0	0	0	0	0	0	0	0	0	0	0	1	0	0	0	0	0	0	0	0	0	0	0	0	0	0	0	0	0	0	0	0	0	0	0	0	0	0	0	0	0	0	0	0	0	0	1	0	1	1	0	0	0	0	0	0	0	0	0	0	0	0	0	0	0	0	0	0	0	0	0	0	0	0	0	0	0	0	0	0	0	0	0	0	0	0	0	0	0	0	0	0	0	0	0	0	0	0	0	0	0	0	0	0	0	0	0	0	0	0	0	0	0	0	0	0	0	0	0	0	0	0	0	0	0	0	0	0	0	0	0	0	0	0	0	0	0	0	0	0	0	0	0	0	0	0	0	0	0	0	0	0	0	0	0	0	0	0	0	0	0	0	0	0	0	0	0	0	0	0	0	0	0	0	0	0	0	0	0	0	0	0	0	0	0	0	0	0	0	0	0	0	0	0	0	0	0	0	0	0	0	0	0	0	0	0	0	0	0	0	0	0	0	0	0	0	0	0	0	0	0	0	0	0	0	0	0	0	0	0	0	0
acrB:A160S	0	0	0	0	0	0	0	0	0	0	0	0	0	0	0	0	0	0	0	0	0	0	0	0	0	0	0	0	0	0	0	0	0	0	0	0	0	0	0	0	0	0	0	0	0	0	0	0	0	0	0	0	0	0	0	0	0	0	0	0	0	0	0	0	0	0	0	0	0	0	0	0	0	0	0	0	0	0	0	0	0	0	0	0	0	0	0	0	0	0	0	0	0	0	0	0	0	0	0	0	0	0	0	0	0	0	0	0	0	0	0	0	0	0	0	0	0	0	0	0	0	0	0	0	0	0	0	0	0	0	0	0	0	0	0	0	0	0	0	0	0	0	0	0	0	0	0	0	0	0	0	0	0	0	0	0	0	0	0	0	0	0	0	0	0	0	0	0	0	0	0	0	0	0	0	0	0	0	0	0	0	0	0	0	0	0	0	0	0	0	0	0	0	0	0	0	0	0	0	0	0	0	0	0	0	0	0	0	0	0	0	0	0	0	0	0	0	0	0	0	0	0	0	0	0	0	0	0	0	0	0	0	0	0	0	0	0	0	0	0	0	0	0	0	0	0	0	0	0	0	0	0	0	0	0	0	0	0	0	0	0	0	0	0	0	0	0	0	0	0	0	0	0	0	1	0	0	0	0	0	0	0	0	0	0	0	0	0	0	0	0	0	0	0	0	0	0	0	0	0	0	0	0	0	0	0	0	0	0	1	0	1	1	0	0	0	0	0	0	0	0	0	0	0	0	0	0	0	0	0	0	0	0	0	0	0	0	0	0	0	0	0	0	0	0	0	0	0	0	0	0	0	0	0	0	0	0	0	0	0	0	0	0	0	0	0	0	0	0	0	0	0	0	0	0	0	0	0	0	0	0	0	0	0	0	0	0	0	0	0	0	0	0	0	0	0	0	0	0	0	0	0	0	0	0	0	0	0	0	0	0	0	0	0	0	0	0	0	0	0	0	0	0	0	0	0	0	0	0	0	0	0	0	0	0	0	0	0	0	0	0	0	0	0	0	0	0	0	0	0	0	0	0	0	0	0	0	0	0	0	0	0	0	0	0	0	0	0	0	0	0	0	0	0	0	0	0	0	0	0	0	0	0	0	0	0	0	0	0	0	0	0	0	0	0

### upstream/gwas_inputs/validation_variants.Rtab
Gene	GCA_001701555.1	GCA_001701895.1	GCA_001701915.1	GCA_001701925.1	GCA_001702035.1	GCA_001702045.2	GCA_002268655.1	GCA_014840405.1	GCA_014840415.1	GCA_014840435.1	GCA_014840495.1	GCA_014840505.1	GCA_014840575.1	GCA_014840635.1	GCA_014842715.1	GCA_014946945.1	GCA_014946955.1	GCA_022370035.1	GCA_900500755.1	GCA_900501155.1	GCA_900504745.1	GCA_900507575.1	GCA_900507915.1	GCA_900508105.1	GCA_900508425.1	GCA_900508775.1	GCA_900508925.1	GCA_900510215.1	GCA_900510385.1	GCA_900510555.1	GCA_900511395.1	GCA_900511435.1	GCA_900511585.1	GCA_900512335.1	GCA_900512375.1	GCA_900512445.1	GCA_900512775.1	GCA_900513565.1	GCA_900513805.1	GCA_900516765.1	GCA_900517565.1	GCA_902155915.1	GCA_902155995.1	GCA_902156065.1	GCA_902156515.1	GCA_902156985.1	GCA_902506995.1	GCA_902507155.1	GCA_902507225.1	GCA_902703615.1	GCA_902703735.1	GCA_902703795.1	GCA_902703845.1	GCA_902703875.1	GCA_902703885.1	GCA_902703955.1	GCA_902703975.1	GCA_902703985.1	GCA_902704005.1	GCA_902704065.1	GCA_902704085.1	GCA_902704095.1	GCA
acrB:A112Q	0	0	0	0	0	0	0	0	0	0	0	0	0	0	0	0	0	0	0	0	0	0	0	0	0	0	0	0	0	0	0	0	0	0	0	0	0	0	0	0	0	0	0	0	0	0	0	0	0	0	0	0	0	0	0	0	0	0	0	0	0	0	0	0	0	0	0	0	0	0	0	0	0	0	0	0	0	0	0	0	0	0	0	0	0	0	0	0	0	0	0	0	0	0	0	0	0	0	0	0	0	0	0	0	0	0	0	0	0	0	0	0	0	0	0	0	0	0	0	0	0	0	0	0	0	0	0	0	0	0	0	0	0	0	0	0	0	0	0	0	0	0	0	0	0	0	0	0	0	0	0	0	0	0	0	0	0	0	0	0	0	0	0	0	0	0	0	0	0	0	0	0	0	0	0	0	0	0	0	0	0	0	0	0	0	0	0	0	0	0	0	0	0	0	0	0	0	0	0	0	0	0	0	0	0	0	0	0	0	0	0	0	0	0
acrB:A132S	0	0	0	0	0	0	0	0	0	0	0	0	0	0	0	0	0	0	0	0	0	0	0	0	0	0	0	0	0	0	0	0	0	0	0	0	0	0	0	0	0	0	0	0	0	0	0	0	0	0	0	0	0	0	0	0	0	0	0	0	0	0	0	0	0	0	0	0	0	0	0	0	0	0	0	0	0	0	0	0	0	0	0	0	0	0	0	0	0	0	0	0	0	0	0	0	0	0	0	0	0	0	0	0	0	0	0	0	0	0	0	0	0	0	0	0	0	0	0	0	0	0	0	0	0	0	0	0	0	0	0	0	0	0	0	0	0	0	0	0	0	0	0	0	0	0	0	0	0	0	0	0	0	0	0	0	0	0	0	0	0	0	0	0	0	0	0	0	0	0	0	0	0	0	0	0	0	0	0	0	0	0	0	0	0	0	0	0	0	0	0	0	0	0	0	0	0	0	0	0	0	0	0	0	0	0	0	0	0	0	0	0	0	0
acrB:A160S	0	0	0	0	0	0	0	0	0	0	0	0	0	0	0	0	0	0	0	0	0	0	0	0	0	0	0	0	0	0	0	0	0	0	0	0	0	0	0	0	0	0	0	0	0	0	0	0	0	0	0	0	0	0	0	0	0	0	0	0	0	0	0	0	0	0	0	0	0	0	0	0	0	0	0	0	0	0	0	0	0	0	0	0	0	0	0	0	0	0	0	0	0	0	0	0	0	0	0	0	0	0	0	0	0	0	0	0	0	0	0	0	0	0	0	0	0	0	0	0	0	0	0	0	0	0	0	0	0	0	0	0	0	0	0	0	0	0	0	0	0	0	0	0	0	0	0	0	0	0	0	0	0	0	0	0	0	0	0	0	0	0	0	0	0	0	0	0	0	0	0	0	0	0	0	0	0	0	0	0	0	0	0	0	0	0	0	0	0	0	0	0	0	0	0	0	0	0	0	0	0	0	0	0	0	0	0	0	0	0	0	0	0	0

### upstream/targeted_variants/targeted_variants.Rtab
Gene	GCA_000401195.1	GCA_000406385.1	GCA_000406445.1	GCA_000406485.1	GCA_000406505.1	GCA_000406525.1	GCA_000406565.1	GCA_000406585.1	GCA_000406605.1	GCA_000406625.1	GCA_000406645.1	GCA_000406705.1	GCA_000406725.1	GCA_000406765.2	GCA_000409045.1	GCA_000409065.1	GCA_000417145.1	GCA_000417185.1	GCA_000417265.2	GCA_000417305.1	GCA_000417325.1	GCA_000417425.1	GCA_000417445.1	GCA_000417465.1	GCA_000417485.1	GCA_000709185.2	GCA_000709205.2	GCA_000709225.1	GCA_000764615.1	GCA_001182385.1	GCA_001182445.1	GCA_001182465.1	GCA_001182485.1	GCA_001182505.1	GCA_001182525.1	GCA_001182545.1	GCA_001182565.1	GCA_001182585.1	GCA_001182605.1	GCA_001182625.1	GCA_001182645.1	GCA_001182665.1	GCA_001182685.1	GCA_001701355.1	GCA_001701365.1	GCA_001701395.1	GCA_001701445.1	GCA_001701475.1	GCA_001701495.1	GCA_001701505.1	GCA_001701525.1	GCA_001701555.1	GCA_001701815.1	GCA_001701835.2	GCA_001701845.2	GCA_001701895.1	GCA_001701915.1	GCA_001701925.1	GCA_001701935.1	GCA_001701975.1	GCA_001701985.1	GCA_001702005.1	GCA
acrB:A112Q	0	0	0	0	0	0	0	0	0	0	0	0	0	0	0	0	0	0	0	0	0	0	0	0	0	0	0	0	0	0	0	0	0	0	0	0	0	0	0	0	0	0	0	0	0	0	0	0	0	0	0	0	0	0	0	0	0	0	0	0	0	0	0	0	0	0	0	0	0	0	0	0	0	0	0	0	0	0	0	0	1	0	0	0	0	0	0	0	0	0	0	0	0	0	0	0	0	0	0	0	0	0	0	0	0	0	0	0	0	0	0	0	0	0	0	0	0	0	0	0	0	0	0	0	0	0	0	0	0	0	0	0	0	0	0	0	0	0	0	0	0	0	0	0	0	0	0	0	0	0	0	0	0	0	0	0	0	0	0	0	0	0	0	0	0	0	0	0	0	0	0	0	0	0	0	0	0	0	0	0	0	0	0	0	0	0	0	0	0	0	0	0	0	1	0	1	1	0	0	0	0	0	0	0	0	0	0	0	0	0	0	0	0	0	0	0	0	0	0	0	0	0	0	0	0	0	0	0	0	0	0	0	0	0	0	0	0	0	0	0	0	0	0	0	0	0	0	0	0	0	0	0	0	0	0	0	0	0	0	0	0	0	0	0	0	0	0	0	0	0	0	0	0	0	0	0	0	0	0	0	0	0	0	0	0	0	0	0	0	0	0	0	0	0	0	0	0	0	0	0	0	0	0	0	0	0	0	0	0	0	0	0	0	0	0	0	0	0	0	0	0	0	0	0	0	0	0	0	0	0	0	0	0	0	0	0	0	0	0	0	0	0	0	0	0	0	0	0	0	0	0	0	0	0	0	0	0	0	0	0	0	0	0	0	0	0	0	0	0	0	0	0	0	0	0	0	0	0	0	0	0	0	0	0	0	0	0	0	0	0	0	0	0	0	0	0	0	0	0	0	0	0	0	0	0	0	0	0	0	0	0	0	0	0	0	0	0	0	0	0	0	0	0	0	0	0	0	0	0	0	0	0	0	0	0	0	0	0	0	0	0	0	0	0	0	0	0	0	0	0	0	0	0	0	0	0	0	0	0	0	0	0	0	0	0	0	0	0	0	0	0	0	0	0	0	0	0	0	0	0	0	0	0	0	0	0	0	0	0	0	0	0	0	0	0
acrB:A132S	0	0	0	0	0	0	0	0	0	0	0	0	0	0	0	0	0	0	0	0	0	0	0	0	0	0	0	0	0	0	0	0	0	0	0	0	0	0	0	0	0	0	0	0	0	0	0	0	0	0	0	0	0	0	0	0	0	0	0	0	0	0	0	0	0	0	0	0	0	0	0	0	0	0	0	0	0	0	0	0	1	0	0	0	0	0	0	0	0	0	0	0	0	0	0	0	0	0	0	0	0	0	0	0	0	0	0	0	0	0	0	0	0	0	0	0	0	0	0	0	0	0	0	0	0	0	0	0	0	0	0	0	0	0	0	0	0	0	0	0	0	0	0	0	0	0	0	0	0	0	0	0	0	0	0	0	0	0	0	0	0	0	0	0	0	0	0	0	0	0	0	0	0	0	0	0	0	0	0	0	0	0	0	0	0	0	0	0	0	0	0	0	0	1	0	1	1	0	0	0	0	0	0	0	0	0	0	0	0	0	0	0	0	0	0	0	0	0	0	0	0	0	0	0	0	0	0	0	0	0	0	0	0	0	0	0	0	0	0	0	0	0	0	0	0	0	0	0	0	0	0	0	0	0	0	0	0	0	0	0	0	0	0	0	0	0	0	0	0	0	0	0	0	0	0	0	0	0	0	0	0	0	0	0	0	0	0	0	0	0	0	0	0	0	0	0	0	0	0	0	0	0	0	0	0	0	0	0	0	0	0	0	0	0	0	0	0	0	0	0	0	0	0	0	0	0	0	0	0	0	0	0	0	0	0	0	0	0	0	0	0	0	0	0	0	0	0	0	0	0	0	0	0	0	0	0	0	0	0	0	0	0	0	0	0	0	0	0	0	0	0	0	0	0	0	0	0	0	0	0	0	0	0	0	0	0	0	0	0	0	0	0	0	0	0	0	0	0	0	0	0	0	0	0	0	0	0	0	0	0	0	0	0	0	0	0	0	0	0	0	0	0	0	0	0	0	0	0	0	0	0	0	0	0	0	0	0	0	0	0	0	0	0	0	0	0	0	0	0	0	0	0	0	0	0	0	0	0	0	0	0	0	0	0	0	0	0	0	0	0	0	0	0	0	0	0	0	0	0	0	0	0	0	0	0	0	0	0	0	0	0	0	0	0	0
acrB:A160S	0	0	0	0	0	0	0	0	0	0	0	0	0	0	0	0	0	0	0	0	0	0	0	0	0	0	0	0	0	0	0	0	0	0	0	0	0	0	0	0	0	0	0	0	0	0	0	0	0	0	0	0	0	0	0	0	0	0	0	0	0	0	0	0	0	0	0	0	0	0	0	0	0	0	0	0	0	0	0	0	1	0	0	0	0	0	0	0	0	0	0	0	0	0	0	0	0	0	0	0	0	0	0	0	0	0	0	0	0	0	0	0	0	0	0	0	0	0	0	0	0	0	0	0	0	0	0	0	0	0	0	0	0	0	0	0	0	0	0	0	0	0	0	0	0	0	0	0	0	0	0	0	0	0	0	0	0	0	0	0	0	0	0	0	0	0	0	0	0	0	0	0	0	0	0	0	0	0	0	0	0	0	0	0	0	0	0	0	0	0	0	0	0	1	0	1	1	0	0	0	0	0	0	0	0	0	0	0	0	0	0	0	0	0	0	0	0	0	0	0	0	0	0	0	0	0	0	0	0	0	0	0	0	0	0	0	0	0	0	0	0	0	0	0	0	0	0	0	0	0	0	0	0	0	0	0	0	0	0	0	0	0	0	0	0	0	0	0	0	0	0	0	0	0	0	0	0	0	0	0	0	0	0	0	0	0	0	0	0	0	0	0	0	0	0	0	0	0	0	0	0	0	0	0	0	0	0	0	0	0	0	0	0	0	0	0	0	0	0	0	0	0	0	0	0	0	0	0	0	0	0	0	0	0	0	0	0	0	0	0	0	0	0	0	0	0	0	0	0	0	0	0	0	0	0	0	0	0	0	0	0	0	0	0	0	0	0	0	0	0	0	0	0	0	0	0	0	0	0	0	0	0	0	0	0	0	0	0	0	0	0	0	0	0	0	0	0	0	0	0	0	0	0	0	0	0	0	0	0	0	0	0	0	0	0	0	0	0	0	0	0	0	0	0	0	0	0	0	0	0	0	0	0	0	0	0	0	0	0	0	0	0	0	0	0	0	0	0	0	0	0	0	0	0	0	0	0	0	0	0	0	0	0	0	0	0	0	0	0	0	0	0	0	0	0	0	0	0	0	0	0	0	0	0	0	0	0	0	0	0	0	0	0	0	0

## Distance heads

### upstream/structure/all_mash.tsv
	GCA_000406525.1_gkp26v01_genomic	GCA_000406565.1_gkp42v01_genomic	GCA_000417425.1_gkp52v01_genomic	GCA_000417465.1_gkp32v01_genomic	GCA_000709205.2_UHKPC45v01_genomic	GCA_000709225.1_UHKPC52v01_genomic	GCA_001182385.1_KpVA-1_genomic	GCA_001182525.1_KpVA-8_genomic	GCA_001182545.1_KpVA-9_genomic	GCA_001182565.1_KpVA-10_genomic	GCA_001182585.1_KpVA-11_genomic	GCA_001182605.1_KpVA-12_genomic	GCA_001182625.1_KpVA-13_genomic	GCA_001182645.1_KpVA-14_genomic	GCA_001182665.1_KpVA-15_genomic	GCA_001182685.1_KpVA-16_genomic	GCA_001701355.1_ASM170135v1_genomic	GCA_001701365.1_ASM170136v1_genomic	GCA_001701445.1_ASM170144v1_genomic	GCA_001701475.1_ASM170147v1_genomic	GCA_001701495.1_ASM170149v1_genomic	GCA_001701505.1_ASM170150v1_genomic	GCA_001701525.1_ASM170152v1_genomic	GCA_001701555.1_ASM170155v1_genomic	GCA_001701815.1_ASM170181v1_genomic	GCA_001701835.2_ASM170183v2_genomic	GCA_001701895.1_ASM170189v1_genomic	GCA_001701915.1_ASM170191v1_genomic	GCA_001701925.1_ASM170192v1_genomic	GCA_00170197
GCA_000406525.1_gkp26v01_genomic	0.0	0.0113707	0.0110882	0.011829	0.0114508	0.0109223	0.0104071	0.0105304	0.0105945	0.0105475	0.0105304	0.0114152	0.0105347	0.0105304	0.0104071	0.0107836	0.0108225	0.0102508	0.0103351	0.0106073	0.0121217	0.0108096	0.0110619	0.0109615	0.0102382	0.011952	0.0108529	0.0105945	0.0103478	0.0103351	0.0120023	0.0119291	0.0109136	0.0109789	0.0123347	0.0104368	0.013006	0.0110926	0.0119155	0.0114196	0.0130686	0.0119063	0.0115537	0.0103056	0.01177	0.0117609	0.0142568	0.0123347	0.0120436	0.0125593	0.0123254	0.0130301	0.0114553	0.0126394	0.0133938	0.0130493	0.0111981	0.0134329	0.0126488	0.0126017	0.0130686	0.0126394	0.0112422	0.0119474	0.0537535	0.0124795	0.0537742	0.0276271	0.0198862	0.0223844	0.0125452	0.0125452	0.0125405	0.0125405	0.0125734	0.0125405	0.0125452	0.0125405	0.0125405	0.0124888	0.0125358	0.0125405	0.0125499	0.0124888	0.0125311	0.0125358	0.0125311	0.0125358	0.0125358	0.0125734	0.012564	0.0125593	0.012564	0.0125593	0.0125546	0.0125781	0.0125593	0.0125593	
GCA_000406565.1_gkp42v01_genomic	0.0113707	0.0	0.00161131	0.0126111	0.00301753	0.000783157	0.00230116	0.00256071	0.00259135	0.00257185	0.00256071	0.00226557	0.00255793	0.00255515	0.00230116	0.00226831	0.00174596	0.00207795	0.00191113	0.00224917	0.00518058	0.00247467	0.00198088	0.00283843	0.00207795	0.00524205	0.00540156	0.00464278	0.0019138	0.00203204	0.0135558	0.00284974	0.00270321	0.00282712	0.0135558	0.0109267	0.0137936	0.00312935	0.0120849	0.0120665	0.0133938	0.0120298	0.0121956	0.00194597	0.0130157	0.0130012	0.00711689	0.00559219	0.0134133	0.0144665	0.0124046	0.0141806	0.0120252	0.00569157	0.012734	0.0127482	0.0117202	0.0129725	0.0136249	0.0120069	0.0126441	0.00569822	0.00436283	0.0133059	0.0536915	0.0116751	0.0536708	0.0267506	0.0193587	0.0217374	0.012791	0.012791	0.0127862	0.0127862	0.012772	0.0127958	0.0127958	0.0127862	0.0127862	0.0127245	0.0127815	0.012791	0.0127862	0.0127198	0.0127815	0.0127815	0.0127815	0.0127815	0.0127815	0.0128291	0.0128243	0.0128243	0.0128291	0.01281	0.0
GCA_000417425.1_gkp52v01_genomic	0.0110882	0.00161131	0.0	0.0121771	0.00283277	0.00167717	0.00202126	0.0018924	0.001855	0.00190845	0.0018924	0.00120355	0.0018924	0.00188972	0.00202126	0.00168245	0.00169038	0.00179906	0.00156929	0.00186835	0.00527124	0.0021294	0.00193256	0.00249406	0.00180438	0.0053428	0.00508072	0.00430428	0.00158503	0.0017964	0.0133108	0.00291212	0.00240009	0.0025218	0.0128243	0.010234	0.0133987	0.00300325	0.0117112	0.0113707	0.0130589	0.011639	0.0115134	0.00194329	0.0123627	0.0123627	0.00670546	0.00562195	0.0128243	0.0142976	0.0119337	0.0140845	0.0114776	0.00523233	0.0128911	0.0126158	0.0109354	0.0127008	0.0133011	0.0121356	0.0123533	0.00523557	0.00408113	0.0126299	0.0542328	0.0112245	0.0542118	0.0267677	0.0195439	0.0219984	0.0124607	0.0124654	0.0124607	0.0124607	0.012442	0.0124654	0.0124701	0.0124561	0.0124514	0.012414	0.0124514	0.0124654	0.0124514	0.0124093	0.0124561	0.0124514	0.0124514	0.0124514	0.0124514	0.0124935	0.0124935	0.0124935	0.0124982	0.0124795	0.0124842

### upstream/structure/discovery_mash.tsv
	GCA_000406525.1_gkp26v01_genomic	GCA_000406565.1_gkp42v01_genomic	GCA_000417425.1_gkp52v01_genomic	GCA_000417465.1_gkp32v01_genomic	GCA_000709205.2_UHKPC45v01_genomic	GCA_000709225.1_UHKPC52v01_genomic	GCA_001182385.1_KpVA-1_genomic	GCA_001182525.1_KpVA-8_genomic	GCA_001182545.1_KpVA-9_genomic	GCA_001182565.1_KpVA-10_genomic	GCA_001182585.1_KpVA-11_genomic	GCA_001182605.1_KpVA-12_genomic	GCA_001182625.1_KpVA-13_genomic	GCA_001182645.1_KpVA-14_genomic	GCA_001182665.1_KpVA-15_genomic	GCA_001182685.1_KpVA-16_genomic	GCA_001701355.1_ASM170135v1_genomic	GCA_001701365.1_ASM170136v1_genomic	GCA_001701445.1_ASM170144v1_genomic	GCA_001701475.1_ASM170147v1_genomic	GCA_001701495.1_ASM170149v1_genomic	GCA_001701505.1_ASM170150v1_genomic	GCA_001701525.1_ASM170152v1_genomic	GCA_001701815.1_ASM170181v1_genomic	GCA_001701835.2_ASM170183v2_genomic	GCA_001701975.1_ASM170197v1_genomic	GCA_001701985.1_ASM170198v1_genomic	GCA_001702005.1_ASM170200v1_genomic	GCA_001720705.1_ASM172070v1_genomic	GCA_00172084
GCA_000406525.1_gkp26v01_genomic	0.0	0.0113707	0.0110882	0.011829	0.0114508	0.0109223	0.0104071	0.0105304	0.0105945	0.0105475	0.0105304	0.0114152	0.0105347	0.0105304	0.0104071	0.0107836	0.0108225	0.0102508	0.0103351	0.0106073	0.0121217	0.0108096	0.0110619	0.0102382	0.011952	0.0103351	0.0120023	0.0119291	0.0123347	0.0104368	0.013006	0.0110926	0.0119155	0.0114196	0.0130686	0.0119063	0.0115537	0.01177	0.0117609	0.0142568	0.0123347	0.0120436	0.0125593	0.0123254	0.0130301	0.0114553	0.0126394	0.0133938	0.0126488	0.0126394	0.0276271	0.0198862	0.0223844	0.0125452	0.0125452	0.0125405	0.0125405	0.0125734	0.0125405	0.0125452	0.0125405	0.0125405	0.0124888	0.0125358	0.0125405	0.0125499	0.0124888	0.0125311	0.0125358	0.0125311	0.0125358	0.0125358	0.0125734	0.012564	0.0125593	0.012564	0.0125593	0.0125546	0.0125781	0.0125593	0.0125593	0.0125029	0.0125029	0.0125076	0.0125029	0.0125452	0.0125546	0.0125452	0.0125358	0.0125358	0.0118699	0.0125546	0.0125405	0.0125452	0.0125358	0.0125358	0.0134329	0.0128338	
GCA_000406565.1_gkp42v01_genomic	0.0113707	0.0	0.00161131	0.0126111	0.00301753	0.000783157	0.00230116	0.00256071	0.00259135	0.00257185	0.00256071	0.00226557	0.00255793	0.00255515	0.00230116	0.00226831	0.00174596	0.00207795	0.00191113	0.00224917	0.00518058	0.00247467	0.00198088	0.00207795	0.00524205	0.00203204	0.0135558	0.00284974	0.0135558	0.0109267	0.0137936	0.00312935	0.0120849	0.0120665	0.0133938	0.0120298	0.0121956	0.0130157	0.0130012	0.00711689	0.00559219	0.0134133	0.0144665	0.0124046	0.0141806	0.0120252	0.00569157	0.012734	0.0136249	0.00569822	0.0267506	0.0193587	0.0217374	0.012791	0.012791	0.0127862	0.0127862	0.012772	0.0127958	0.0127958	0.0127862	0.0127862	0.0127245	0.0127815	0.012791	0.0127862	0.0127198	0.0127815	0.0127815	0.0127815	0.0127815	0.0127815	0.0128291	0.0128243	0.0128243	0.0128291	0.01281	0.01281	0.0128243	0.0128338	0.012791	0.0127577	0.0127672	0.012753	0.0127388	0.01281	0.01281	0.0127958	0.0127815	0.0127815	0.0119611	0.0127862	0.0127862	0.0128053	0.012791	0.0127815
GCA_000417425.1_gkp52v01_genomic	0.0110882	0.00161131	0.0	0.0121771	0.00283277	0.00167717	0.00202126	0.0018924	0.001855	0.00190845	0.0018924	0.00120355	0.0018924	0.00188972	0.00202126	0.00168245	0.00169038	0.00179906	0.00156929	0.00186835	0.00527124	0.0021294	0.00193256	0.00180438	0.0053428	0.0017964	0.0133108	0.00291212	0.0128243	0.010234	0.0133987	0.00300325	0.0117112	0.0113707	0.0130589	0.011639	0.0115134	0.0123627	0.0123627	0.00670546	0.00562195	0.0128243	0.0142976	0.0119337	0.0140845	0.0114776	0.00523233	0.0128911	0.0133011	0.00523557	0.0267677	0.0195439	0.0219984	0.0124607	0.0124654	0.0124607	0.0124607	0.012442	0.0124654	0.0124701	0.0124561	0.0124514	0.012414	0.0124514	0.0124654	0.0124514	0.0124093	0.0124561	0.0124514	0.0124514	0.0124514	0.0124514	0.0124935	0.0124935	0.0124935	0.0124982	0.0124795	0.0124842	0.0124982	0.0125076	0.0124561	0.0124467	0.0124514	0.012442	0.012428	0.0124748	0.0124795	0.0124654	0.0124467	0.0124561	0.0117157	0.0124654	0.0124514	0.0124748	0.0124607	0.012456
